name,age
Bob,28
David,30